0.000000 ,NaN
-0.747850 ,-0.209983
-0.064546 ,-0.020455
-0.055113 ,-0.140049
-0.077145 ,-0.044502
-0.471415 ,0.772129
-0.231034 ,0.391111
0.265122 ,-0.231961
-0.636038 ,-0.009678
-0.585630 ,-0.009095
-0.000215 ,-0.006006
-0.002341 ,-0.000001
-0.000001 ,-0.007125
-0.001689 ,-0.001894
-0.000190 ,-0.000001
-0.000058 ,-0.000001
-0.000023 ,-0.000171
-0.000000 ,-0.000079
-0.007489 ,-0.189763
-0.063195 ,-0.004240
-0.000106 ,-0.041899
-0.039438 ,-0.005430
-0.013264 ,-0.001217
0.006252 ,-0.001058
0.026594 ,-0.039708
-0.002014 ,-0.740900
-0.000018 ,-0.000000
-0.000533 ,-0.000019
-0.000001 ,-0.000027
-0.000002 ,-0.000001
-0.000000 ,-0.000000
-0.000001 ,-0.000028
-0.000360 ,-0.000039
-0.000000 ,-0.000000
-0.000166 ,-0.000039
-0.000001 ,-0.000000
-0.000048 ,-0.000016
-0.000001 ,-2.434077 ,NaN
-0.747850 ,-0.209983
-0.064546 ,-0.020455
-0.055113 ,-0.140049
-0.077145 ,-0.044502
-0.471415 ,0.772129
-0.231034 ,0.391111
0.265122 ,-0.231961
-0.636038 ,-0.009678
-0.585630 ,-0.009095
-0.000215 ,-0.006006
-0.002341 ,-0.000001
-0.000001 ,-0.007125
-0.001689 ,-0.001894
-0.000190 ,-0.000001
-0.000058 ,-0.000001
-0.000023 ,-0.000171
-0.000000 ,-0.000079
-0.007489 ,-0.189763
-0.063195 ,-0.004240
-0.000106 ,-0.041899
-0.039438 ,-0.005430
-0.013264 ,-0.001217
0.006252 ,-0.001058
0.026594 ,-0.039708
-0.002014 ,-0.740900
-0.000018 ,-0.000000
-0.000533 ,-0.000019
-0.000001 ,-0.000027
-0.000002 ,-0.000001
-0.000000 ,-0.000000
-0.000001 ,-0.000028
-0.000360 ,-0.000039
-0.000000 ,-0.000000
-0.000166 ,-0.000039
-0.000001 ,-0.000000
-0.000048 ,-0.000016
-0.000001 ,8.394377 ,NaN
-0.747850 ,-0.209983
-0.064546 ,-0.020455
-0.055113 ,-0.140049
-0.077145 ,-0.044502
-0.471415 ,0.772129
-0.231034 ,0.391111
0.265122 ,-0.231961
-0.636038 ,-0.009678
-0.585630 ,-0.009095
-0.000215 ,-0.006006
-0.002341 ,-0.000001
-0.000001 ,-0.007125
-0.001689 ,-0.001894
-0.000190 ,-0.000001
-0.000058 ,-0.000001
-0.000023 ,-0.000171
-0.000000 ,-0.000079
-0.007489 ,-0.189763
-0.063195 ,-0.004240
-0.000106 ,-0.041899
-0.039438 ,-0.005430
-0.013264 ,-0.001217
0.006252 ,-0.001058
0.026594 ,-0.039708
-0.002014 ,-0.740900
-0.000018 ,-0.000000
-0.000533 ,-0.000019
-0.000001 ,-0.000027
-0.000002 ,-0.000001
-0.000000 ,-0.000000
-0.000001 ,-0.000028
-0.000360 ,-0.000039
-0.000000 ,-0.000000
-0.000166 ,-0.000039
-0.000001 ,-0.000000
-0.000048 ,-0.000016
-0.000001 ,-13.498755 ,NaN
-0.747850 ,-0.209983
-0.064546 ,-0.020455
-0.055113 ,-0.140049
-0.077145 ,-0.044502
-0.471415 ,0.772129
-0.231034 ,0.391111
0.265122 ,-0.231961
-0.636038 ,-0.009678
-0.585630 ,-0.009095
-0.000215 ,-0.006006
-0.002341 ,-0.000001
-0.000001 ,-0.007125
-0.001689 ,-0.001894
-0.000190 ,-0.000001
-0.000058 ,-0.000001
-0.000023 ,-0.000171
-0.000000 ,-0.000079
-0.007489 ,-0.189763
-0.063195 ,-0.004240
-0.000106 ,-0.041899
-0.039438 ,-0.005430
-0.013264 ,-0.001217
0.006252 ,-0.001058
0.026594 ,-0.039708
-0.002014 ,-0.740900
-0.000018 ,-0.000000
-0.000533 ,-0.000019
-0.000001 ,-0.000027
-0.000002 ,-0.000001
-0.000000 ,-0.000000
-0.000001 ,-0.000028
-0.000360 ,-0.000039
-0.000000 ,-0.000000
-0.000166 ,-0.000039
-0.000001 ,-0.000000
-0.000048 ,-0.000016
-0.000001 ,1.690974 ,NaN
-0.747850 ,-0.209983
-0.064546 ,-0.020455
-0.055113 ,-0.140049
-0.077145 ,-0.044502
-0.471415 ,0.772129
-0.231034 ,0.391111
0.265122 ,-0.231961
-0.636038 ,-0.009678
-0.585630 ,-0.009095
-0.000215 ,-0.006006
-0.002341 ,-0.000001
-0.000001 ,-0.007125
-0.001689 ,-0.001894
-0.000190 ,-0.000001
-0.000058 ,-0.000001
-0.000023 ,-0.000171
-0.000000 ,-0.000079
-0.007489 ,-0.189763
-0.063195 ,-0.004240
-0.000106 ,-0.041899
-0.039438 ,-0.005430
-0.013264 ,-0.001217
0.006252 ,-0.001058
0.026594 ,-0.039708
-0.002014 ,-0.740900
-0.000018 ,-0.000000
-0.000533 ,-0.000019
-0.000001 ,-0.000027
-0.000002 ,-0.000001
-0.000000 ,-0.000000
-0.000001 ,-0.000028
-0.000360 ,-0.000039
-0.000000 ,-0.000000
-0.000166 ,-0.000039
-0.000001 ,-0.000000
-0.000048 ,-0.000016
-0.000001 ,-9.172663 ,NaN
-0.747850 ,-0.209983
-0.064546 ,-0.020455
-0.055113 ,-0.140049
-0.077145 ,-0.044502
-0.471415 ,0.772129
-0.231034 ,0.391111
0.265122 ,-0.231961
-0.636038 ,-0.009678
-0.585630 ,-0.009095
-0.000215 ,-0.006006
-0.002341 ,-0.000001
-0.000001 ,-0.007125
-0.001689 ,-0.001894
-0.000190 ,-0.000001
-0.000058 ,-0.000001
-0.000023 ,-0.000171
-0.000000 ,-0.000079
-0.007489 ,-0.189763
-0.063195 ,-0.004240
-0.000106 ,-0.041899
-0.039438 ,-0.005430
-0.013264 ,-0.001217
0.006252 ,-0.001058
0.026594 ,-0.039708
-0.002014 ,-0.740900
-0.000018 ,-0.000000
-0.000533 ,-0.000019
-0.000001 ,-0.000027
-0.000002 ,-0.000001
-0.000000 ,-0.000000
-0.000001 ,-0.000028
-0.000360 ,-0.000039
-0.000000 ,-0.000000
-0.000166 ,-0.000039
-0.000001 ,-0.000000
-0.000048 ,-0.000016
-0.000001 ,3.263310 ,NaN
-0.747850 ,-0.209983
-0.064546 ,-0.020455
-0.055113 ,-0.140049
-0.077145 ,-0.044502
-0.471415 ,0.772129
-0.231034 ,0.391111
0.265122 ,-0.231961
-0.636038 ,-0.009678
-0.585630 ,-0.009095
-0.000215 ,-0.006006
-0.002341 ,-0.000001
-0.000001 ,-0.007125
-0.001689 ,-0.001894
-0.000190 ,-0.000001
-0.000058 ,-0.000001
-0.000023 ,-0.000171
-0.000000 ,-0.000079
-0.007489 ,-0.189763
-0.063195 ,-0.004240
-0.000106 ,-0.041899
-0.039438 ,-0.005430
-0.013264 ,-0.001217
0.006252 ,-0.001058
0.026594 ,-0.039708
-0.002014 ,-0.740900
-0.000018 ,-0.000000
-0.000533 ,-0.000019
-0.000001 ,-0.000027
-0.000002 ,-0.000001
-0.000000 ,-0.000000
-0.000001 ,-0.000028
-0.000360 ,-0.000039
-0.000000 ,-0.000000
-0.000166 ,-0.000039
-0.000001 ,-0.000000
-0.000048 ,-0.000016
-0.000001 ,2.707405 ,NaN
-0.747850 ,-0.209983
-0.064546 ,-0.020455
-0.055113 ,-0.140049
-0.077145 ,-0.044502
-0.471415 ,0.772129
-0.231034 ,0.391111
0.265122 ,-0.231961
-0.636038 ,-0.009678
-0.585630 ,-0.009095
-0.000215 ,-0.006006
-0.002341 ,-0.000001
-0.000001 ,-0.007125
-0.001689 ,-0.001894
-0.000190 ,-0.000001
-0.000058 ,-0.000001
-0.000023 ,-0.000171
-0.000000 ,-0.000079
-0.007489 ,-0.189763
-0.063195 ,-0.004240
-0.000106 ,-0.041899
-0.039438 ,-0.005430
-0.013264 ,-0.001217
0.006252 ,-0.001058
0.026594 ,-0.039708
-0.002014 ,-0.740900
-0.000018 ,-0.000000
-0.000533 ,-0.000019
-0.000001 ,-0.000027
-0.000002 ,-0.000001
-0.000000 ,-0.000000
-0.000001 ,-0.000028
-0.000360 ,-0.000039
-0.000000 ,-0.000000
-0.000166 ,-0.000039
-0.000001 ,-0.000000
-0.000048 ,-0.000016
-0.000001 ,0.915822 ,NaN
-0.747850 ,-0.209983
-0.064546 ,-0.020455
-0.055113 ,-0.140049
-0.077145 ,-0.044502
-0.471415 ,0.772129
-0.231034 ,0.391111
0.265122 ,-0.231961
-0.636038 ,-0.009678
-0.585630 ,-0.009095
-0.000215 ,-0.006006
-0.002341 ,-0.000001
-0.000001 ,-0.007125
-0.001689 ,-0.001894
-0.000190 ,-0.000001
-0.000058 ,-0.000001
-0.000023 ,-0.000171
-0.000000 ,-0.000079
-0.007489 ,-0.189763
-0.063195 ,-0.004240
-0.000106 ,-0.041899
-0.039438 ,-0.005430
-0.013264 ,-0.001217
0.006252 ,-0.001058
0.026594 ,-0.039708
-0.002014 ,-0.740900
-0.000018 ,-0.000000
-0.000533 ,-0.000019
-0.000001 ,-0.000027
-0.000002 ,-0.000001
-0.000000 ,-0.000000
-0.000001 ,-0.000028
-0.000360 ,-0.000039
-0.000000 ,-0.000000
-0.000166 ,-0.000039
-0.000001 ,-0.000000
-0.000048 ,-0.000016
-0.000001 ,-1.249807 ,NaN
-0.747850 ,-0.209983
-0.064546 ,-0.020455
-0.055113 ,-0.140049
-0.077145 ,-0.044502
-0.471415 ,0.772129
-0.231034 ,0.391111
0.265122 ,-0.231961
-0.636038 ,-0.009678
-0.585630 ,-0.009095
-0.000215 ,-0.006006
-0.002341 ,-0.000001
-0.000001 ,-0.007125
-0.001689 ,-0.001894
-0.000190 ,-0.000001
-0.000058 ,-0.000001
-0.000023 ,-0.000171
-0.000000 ,-0.000079
-0.007489 ,-0.189763
-0.063195 ,-0.004240
-0.000106 ,-0.041899
-0.039438 ,-0.005430
-0.013264 ,-0.001217
0.006252 ,-0.001058
0.026594 ,-0.039708
-0.002014 ,-0.740900
-0.000018 ,-0.000000
-0.000533 ,-0.000019
-0.000001 ,-0.000027
-0.000002 ,-0.000001
-0.000000 ,-0.000000
-0.000001 ,-0.000028
-0.000360 ,-0.000039
-0.000000 ,-0.000000
-0.000166 ,-0.000039
-0.000001 ,-0.000000
-0.000048 ,-0.000016
-0.000001 ,-1.053993 ,NaN
-0.747850 ,-0.209983
-0.064546 ,-0.020455
-0.055113 ,-0.140049
-0.077145 ,-0.044502
-0.471415 ,0.772129
-0.231034 ,0.391111
0.265122 ,-0.231961
-0.636038 ,-0.009678
-0.585630 ,-0.009095
-0.000215 ,-0.006006
-0.002341 ,-0.000001
-0.000001 ,-0.007125
-0.001689 ,-0.001894
-0.000190 ,-0.000001
-0.000058 ,-0.000001
-0.000023 ,-0.000171
-0.000000 ,-0.000079
-0.007489 ,-0.189763
-0.063195 ,-0.004240
-0.000106 ,-0.041899
-0.039438 ,-0.005430
-0.013264 ,-0.001217
0.006252 ,-0.001058
0.026594 ,-0.039708
-0.002014 ,-0.740900
-0.000018 ,-0.000000
-0.000533 ,-0.000019
-0.000001 ,-0.000027
-0.000002 ,-0.000001
-0.000000 ,-0.000000
-0.000001 ,-0.000028
-0.000360 ,-0.000039
-0.000000 ,-0.000000
-0.000166 ,-0.000039
-0.000001 ,-0.000000
-0.000048 ,-0.000016
-0.000001 ,-2.725722 ,NaN
-0.747850 ,-0.209983
-0.064546 ,-0.020455
-0.055113 ,-0.140049
-0.077145 ,-0.044502
-0.471415 ,0.772129
-0.231034 ,0.391111
0.265122 ,-0.231961
-0.636038 ,-0.009678
-0.585630 ,-0.009095
-0.000215 ,-0.006006
-0.002341 ,-0.000001
-0.000001 ,-0.007125
-0.001689 ,-0.001894
-0.000190 ,-0.000001
-0.000058 ,-0.000001
-0.000023 ,-0.000171
-0.000000 ,-0.000079
-0.007489 ,-0.189763
-0.063195 ,-0.004240
-0.000106 ,-0.041899
-0.039438 ,-0.005430
-0.013264 ,-0.001217
0.006252 ,-0.001058
0.026594 ,-0.039708
-0.002014 ,-0.740900
-0.000018 ,-0.000000
-0.000533 ,-0.000019
-0.000001 ,-0.000027
-0.000002 ,-0.000001
-0.000000 ,-0.000000
-0.000001 ,-0.000028
-0.000360 ,-0.000039
-0.000000 ,-0.000000
-0.000166 ,-0.000039
-0.000001 ,-0.000000
-0.000048 ,-0.000016
-0.000001 ,1.568297 ,NaN
-0.747850 ,-0.209983
-0.064546 ,-0.020455
-0.055113 ,-0.140049
-0.077145 ,-0.044502
-0.471415 ,0.772129
-0.231034 ,0.391111
0.265122 ,-0.231961
-0.636038 ,-0.009678
-0.585630 ,-0.009095
-0.000215 ,-0.006006
-0.002341 ,-0.000001
-0.000001 ,-0.007125
-0.001689 ,-0.001894
-0.000190 ,-0.000001
-0.000058 ,-0.000001
-0.000023 ,-0.000171
-0.000000 ,-0.000079
-0.007489 ,-0.189763
-0.063195 ,-0.004240
-0.000106 ,-0.041899
-0.039438 ,-0.005430
-0.013264 ,-0.001217
0.006252 ,-0.001058
0.026594 ,-0.039708
-0.002014 ,-0.740900
-0.000018 ,-0.000000
-0.000533 ,-0.000019
-0.000001 ,-0.000027
-0.000002 ,-0.000001
-0.000000 ,-0.000000
-0.000001 ,-0.000028
-0.000360 ,-0.000039
-0.000000 ,-0.000000
-0.000166 ,-0.000039
-0.000001 ,-0.000000
-0.000048 ,-0.000016
-0.000001 ,-1.970042 ,NaN
-0.747850 ,-0.209983
-0.064546 ,-0.020455
-0.055113 ,-0.140049
-0.077145 ,-0.044502
-0.471415 ,0.772129
-0.231034 ,0.391111
0.265122 ,-0.231961
-0.636038 ,-0.009678
-0.585630 ,-0.009095
-0.000215 ,-0.006006
-0.002341 ,-0.000001
-0.000001 ,-0.007125
-0.001689 ,-0.001894
-0.000190 ,-0.000001
-0.000058 ,-0.000001
-0.000023 ,-0.000171
-0.000000 ,-0.000079
-0.007489 ,-0.189763
-0.063195 ,-0.004240
-0.000106 ,-0.041899
-0.039438 ,-0.005430
-0.013264 ,-0.001217
0.006252 ,-0.001058
0.026594 ,-0.039708
-0.002014 ,-0.740900
-0.000018 ,-0.000000
-0.000533 ,-0.000019
-0.000001 ,-0.000027
-0.000002 ,-0.000001
-0.000000 ,-0.000000
-0.000001 ,-0.000028
-0.000360 ,-0.000039
-0.000000 ,-0.000000
-0.000166 ,-0.000039
-0.000001 ,-0.000000
-0.000048 ,-0.000016
-0.000001 ,-0.314934 ,NaN
-0.747850 ,-0.209983
-0.064546 ,-0.020455
-0.055113 ,-0.140049
-0.077145 ,-0.044502
-0.471415 ,0.772129
-0.231034 ,0.391111
0.265122 ,-0.231961
-0.636038 ,-0.009678
-0.585630 ,-0.009095
-0.000215 ,-0.006006
-0.002341 ,-0.000001
-0.000001 ,-0.007125
-0.001689 ,-0.001894
-0.000190 ,-0.000001
-0.000058 ,-0.000001
-0.000023 ,-0.000171
-0.000000 ,-0.000079
-0.007489 ,-0.189763
-0.063195 ,-0.004240
-0.000106 ,-0.041899
-0.039438 ,-0.005430
-0.013264 ,-0.001217
0.006252 ,-0.001058
0.026594 ,-0.039708
-0.002014 ,-0.740900
-0.000018 ,-0.000000
-0.000533 ,-0.000019
-0.000001 ,-0.000027
-0.000002 ,-0.000001
-0.000000 ,-0.000000
-0.000001 ,-0.000028
-0.000360 ,-0.000039
-0.000000 ,-0.000000
-0.000166 ,-0.000039
-0.000001 ,-0.000000
-0.000048 ,-0.000016
-0.000001 ,0.475166 ,NaN
-0.747850 ,-0.209983
-0.064546 ,-0.020455
-0.055113 ,-0.140049
-0.077145 ,-0.044502
-0.471415 ,0.772129
-0.231034 ,0.391111
0.265122 ,-0.231961
-0.636038 ,-0.009678
-0.585630 ,-0.009095
-0.000215 ,-0.006006
-0.002341 ,-0.000001
-0.000001 ,-0.007125
-0.001689 ,-0.001894
-0.000190 ,-0.000001
-0.000058 ,-0.000001
-0.000023 ,-0.000171
-0.000000 ,-0.000079
-0.007489 ,-0.189763
-0.063195 ,-0.004240
-0.000106 ,-0.041899
-0.039438 ,-0.005430
-0.013264 ,-0.001217
0.006252 ,-0.001058
0.026594 ,-0.039708
-0.002014 ,-0.740900
-0.000018 ,-0.000000
-0.000533 ,-0.000019
-0.000001 ,-0.000027
-0.000002 ,-0.000001
-0.000000 ,-0.000000
-0.000001 ,-0.000028
-0.000360 ,-0.000039
-0.000000 ,-0.000000
-0.000166 ,-0.000039
-0.000001 ,-0.000000
-0.000048 ,-0.000016
-0.000001 ,-0.430731 ,NaN
-0.747850 ,-0.209983
-0.064546 ,-0.020455
-0.055113 ,-0.140049
-0.077145 ,-0.044502
-0.471415 ,0.772129
-0.231034 ,0.391111
0.265122 ,-0.231961
-0.636038 ,-0.009678
-0.585630 ,-0.009095
-0.000215 ,-0.006006
-0.002341 ,-0.000001
-0.000001 ,-0.007125
-0.001689 ,-0.001894
-0.000190 ,-0.000001
-0.000058 ,-0.000001
-0.000023 ,-0.000171
-0.000000 ,-0.000079
-0.007489 ,-0.189763
-0.063195 ,-0.004240
-0.000106 ,-0.041899
-0.039438 ,-0.005430
-0.013264 ,-0.001217
0.006252 ,-0.001058
0.026594 ,-0.039708
-0.002014 ,-0.740900
-0.000018 ,-0.000000
-0.000533 ,-0.000019
-0.000001 ,-0.000027
-0.000002 ,-0.000001
-0.000000 ,-0.000000
-0.000001 ,-0.000028
-0.000360 ,-0.000039
-0.000000 ,-0.000000
-0.000166 ,-0.000039
-0.000001 ,-0.000000
-0.000048 ,-0.000016
-0.000001 ,-0.455118 ,NaN
-0.747850 ,-0.209983
-0.064546 ,-0.020455
-0.055113 ,-0.140049
-0.077145 ,-0.044502
-0.471415 ,0.772129
-0.231034 ,0.391111
0.265122 ,-0.231961
-0.636038 ,-0.009678
-0.585630 ,-0.009095
-0.000215 ,-0.006006
-0.002341 ,-0.000001
-0.000001 ,-0.007125
-0.001689 ,-0.001894
-0.000190 ,-0.000001
-0.000058 ,-0.000001
-0.000023 ,-0.000171
-0.000000 ,-0.000079
-0.007489 ,-0.189763
-0.063195 ,-0.004240
-0.000106 ,-0.041899
-0.039438 ,-0.005430
-0.013264 ,-0.001217
0.006252 ,-0.001058
0.026594 ,-0.039708
-0.002014 ,-0.740900
-0.000018 ,-0.000000
-0.000533 ,-0.000019
-0.000001 ,-0.000027
-0.000002 ,-0.000001
-0.000000 ,-0.000000
-0.000001 ,-0.000028
-0.000360 ,-0.000039
-0.000000 ,-0.000000
-0.000166 ,-0.000039
-0.000001 ,-0.000000
-0.000048 ,-0.000016
-0.000001 ,0.492799 ,NaN
-0.747850 ,-0.209983
-0.064546 ,-0.020455
-0.055113 ,-0.140049
-0.077145 ,-0.044502
-0.471415 ,0.772129
-0.231034 ,0.391111
0.265122 ,-0.231961
-0.636038 ,-0.009678
-0.585630 ,-0.009095
-0.000215 ,-0.006006
-0.002341 ,-0.000001
-0.000001 ,-0.007125
-0.001689 ,-0.001894
-0.000190 ,-0.000001
-0.000058 ,-0.000001
-0.000023 ,-0.000171
-0.000000 ,-0.000079
-0.007489 ,-0.189763
-0.063195 ,-0.004240
-0.000106 ,-0.041899
-0.039438 ,-0.005430
-0.013264 ,-0.001217
0.006252 ,-0.001058
0.026594 ,-0.039708
-0.002014 ,-0.740900
-0.000018 ,-0.000000
-0.000533 ,-0.000019
-0.000001 ,-0.000027
-0.000002 ,-0.000001
-0.000000 ,-0.000000
-0.000001 ,-0.000028
-0.000360 ,-0.000039
-0.000000 ,-0.000000
-0.000166 ,-0.000039
-0.000001 ,-0.000000
-0.000048 ,-0.000016
-0.000001 ,-0.274090 ,NaN
-0.747850 ,-0.209983
-0.064546 ,-0.020455
-0.055113 ,-0.140049
-0.077145 ,-0.044502
-0.471415 ,0.772129
-0.231034 ,0.391111
0.265122 ,-0.231961
-0.636038 ,-0.009678
-0.585630 ,-0.009095
-0.000215 ,-0.006006
-0.002341 ,-0.000001
-0.000001 ,-0.007125
-0.001689 ,-0.001894
-0.000190 ,-0.000001
-0.000058 ,-0.000001
-0.000023 ,-0.000171
-0.000000 ,-0.000079
-0.007489 ,-0.189763
-0.063195 ,-0.004240
-0.000106 ,-0.041899
-0.039438 ,-0.005430
-0.013264 ,-0.001217
0.006252 ,-0.001058
0.026594 ,-0.039708
-0.002014 ,-0.740900
-0.000018 ,-0.000000
-0.000533 ,-0.000019
-0.000001 ,-0.000027
-0.000002 ,-0.000001
-0.000000 ,-0.000000
-0.000001 ,-0.000028
-0.000360 ,-0.000039
-0.000000 ,-0.000000
-0.000166 ,-0.000039
-0.000001 ,-0.000000
-0.000048 ,-0.000016
-0.000001 ,0.569154 ,NaN
-0.747850 ,-0.209983
-0.064546 ,-0.020455
-0.055113 ,-0.140049
-0.077145 ,-0.044502
-0.471415 ,0.772129
-0.231034 ,0.391111
0.265122 ,-0.231961
-0.636038 ,-0.009678
-0.585630 ,-0.009095
-0.000215 ,-0.006006
-0.002341 ,-0.000001
-0.000001 ,-0.007125
-0.001689 ,-0.001894
-0.000190 ,-0.000001
-0.000058 ,-0.000001
-0.000023 ,-0.000171
-0.000000 ,-0.000079
-0.007489 ,-0.189763
-0.063195 ,-0.004240
-0.000106 ,-0.041899
-0.039438 ,-0.005430
-0.013264 ,-0.001217
0.006252 ,-0.001058
0.026594 ,-0.039708
-0.002014 ,-0.740900
-0.000018 ,-0.000000
-0.000533 ,-0.000019
-0.000001 ,-0.000027
-0.000002 ,-0.000001
-0.000000 ,-0.000000
-0.000001 ,-0.000028
-0.000360 ,-0.000039
-0.000000 ,-0.000000
-0.000166 ,-0.000039
-0.000001 ,-0.000000
-0.000048 ,-0.000016
-0.000001 ,-0.617958 ,NaN
-0.747850 ,-0.209983
-0.064546 ,-0.020455
-0.055113 ,-0.140049
-0.077145 ,-0.044502
-0.471415 ,0.772129
-0.231034 ,0.391111
0.265122 ,-0.231961
-0.636038 ,-0.009678
-0.585630 ,-0.009095
-0.000215 ,-0.006006
-0.002341 ,-0.000001
-0.000001 ,-0.007125
-0.001689 ,-0.001894
-0.000190 ,-0.000001
-0.000058 ,-0.000001
-0.000023 ,-0.000171
-0.000000 ,-0.000079
-0.007489 ,-0.189763
-0.063195 ,-0.004240
-0.000106 ,-0.041899
-0.039438 ,-0.005430
-0.013264 ,-0.001217
0.006252 ,-0.001058
0.026594 ,-0.039708
-0.002014 ,-0.740900
-0.000018 ,-0.000000
-0.000533 ,-0.000019
-0.000001 ,-0.000027
-0.000002 ,-0.000001
-0.000000 ,-0.000000
-0.000001 ,-0.000028
-0.000360 ,-0.000039
-0.000000 ,-0.000000
-0.000166 ,-0.000039
-0.000001 ,-0.000000
-0.000048 ,-0.000016
-0.000001 ,-0.036233 ,NaN
-0.747850 ,-0.209983
-0.064546 ,-0.020455
-0.055113 ,-0.140049
-0.077145 ,-0.044502
-0.471415 ,0.772129
-0.231034 ,0.391111
0.265122 ,-0.231961
-0.636038 ,-0.009678
-0.585630 ,-0.009095
-0.000215 ,-0.006006
-0.002341 ,-0.000001
-0.000001 ,-0.007125
-0.001689 ,-0.001894
-0.000190 ,-0.000001
-0.000058 ,-0.000001
-0.000023 ,-0.000171
-0.000000 ,-0.000079
-0.007489 ,-0.189763
-0.063195 ,-0.004240
-0.000106 ,-0.041899
-0.039438 ,-0.005430
-0.013264 ,-0.001217
0.006252 ,-0.001058
0.026594 ,-0.039708
-0.002014 ,-0.740900
-0.000018 ,-0.000000
-0.000533 ,-0.000019
-0.000001 ,-0.000027
-0.000002 ,-0.000001
-0.000000 ,-0.000000
-0.000001 ,-0.000028
-0.000360 ,-0.000039
-0.000000 ,-0.000000
-0.000166 ,-0.000039
-0.000001 ,-0.000000
-0.000048 ,-0.000016
-0.000001 ,-0.025401 ,NaN
-0.747850 ,-0.209983
-0.064546 ,-0.020455
-0.055113 ,-0.140049
-0.077145 ,-0.044502
-0.471415 ,0.772129
-0.231034 ,0.391111
0.265122 ,-0.231961
-0.636038 ,-0.009678
-0.585630 ,-0.009095
-0.000215 ,-0.006006
-0.002341 ,-0.000001
-0.000001 ,-0.007125
-0.001689 ,-0.001894
-0.000190 ,-0.000001
-0.000058 ,-0.000001
-0.000023 ,-0.000171
-0.000000 ,-0.000079
-0.007489 ,-0.189763
-0.063195 ,-0.004240
-0.000106 ,-0.041899
-0.039438 ,-0.005430
-0.013264 ,-0.001217
0.006252 ,-0.001058
0.026594 ,-0.039708
-0.002014 ,-0.740900
-0.000018 ,-0.000000
-0.000533 ,-0.000019
-0.000001 ,-0.000027
-0.000002 ,-0.000001
-0.000000 ,-0.000000
-0.000001 ,-0.000028
-0.000360 ,-0.000039
-0.000000 ,-0.000000
-0.000166 ,-0.000039
-0.000001 ,-0.000000
-0.000048 ,-0.000016
-0.000001 ,-0.105315 ,NaN
-0.747850 ,-0.209983
-0.064546 ,-0.020455
-0.055113 ,-0.140049
-0.077145 ,-0.044502
-0.471415 ,0.772129
-0.231034 ,0.391111
0.265122 ,-0.231961
-0.636038 ,-0.009678
-0.585630 ,-0.009095
-0.000215 ,-0.006006
-0.002341 ,-0.000001
-0.000001 ,-0.007125
-0.001689 ,-0.001894
-0.000190 ,-0.000001
-0.000058 ,-0.000001
-0.000023 ,-0.000171
-0.000000 ,-0.000079
-0.007489 ,-0.189763
-0.063195 ,-0.004240
-0.000106 ,-0.041899
-0.039438 ,-0.005430
-0.013264 ,-0.001217
0.006252 ,-0.001058
0.026594 ,-0.039708
-0.002014 ,-0.740900
-0.000018 ,-0.000000
-0.000533 ,-0.000019
-0.000001 ,-0.000027
-0.000002 ,-0.000001
-0.000000 ,-0.000000
-0.000001 ,-0.000028
-0.000360 ,-0.000039
-0.000000 ,-0.000000
-0.000166 ,-0.000039
-0.000001 ,-0.000000
-0.000048 ,-0.000016
-0.000001 ,-0.044258 ,NaN
-0.747850 ,-0.209983
-0.064546 ,-0.020455
-0.055113 ,-0.140049
-0.077145 ,-0.044502
-0.471415 ,0.772129
-0.231034 ,0.391111
0.265122 ,-0.231961
-0.636038 ,-0.009678
-0.585630 ,-0.009095
-0.000215 ,-0.006006
-0.002341 ,-0.000001
-0.000001 ,-0.007125
-0.001689 ,-0.001894
-0.000190 ,-0.000001
-0.000058 ,-0.000001
-0.000023 ,-0.000171
-0.000000 ,-0.000079
-0.007489 ,-0.189763
-0.063195 ,-0.004240
-0.000106 ,-0.041899
-0.039438 ,-0.005430
-0.013264 ,-0.001217
0.006252 ,-0.001058
0.026594 ,-0.039708
-0.002014 ,-0.740900
-0.000018 ,-0.000000
-0.000533 ,-0.000019
-0.000001 ,-0.000027
-0.000002 ,-0.000001
-0.000000 ,-0.000000
-0.000001 ,-0.000028
-0.000360 ,-0.000039
-0.000000 ,-0.000000
-0.000166 ,-0.000039
-0.000001 ,-0.000000
-0.000048 ,-0.000016
-0.000001 ,-0.157271 ,NaN
-0.747850 ,-0.209983
-0.064546 ,-0.020455
-0.055113 ,-0.140049
-0.077145 ,-0.044502
-0.471415 ,0.772129
-0.231034 ,0.391111
0.265122 ,-0.231961
-0.636038 ,-0.009678
-0.585630 ,-0.009095
-0.000215 ,-0.006006
-0.002341 ,-0.000001
-0.000001 ,-0.007125
-0.001689 ,-0.001894
-0.000190 ,-0.000001
-0.000058 ,-0.000001
-0.000023 ,-0.000171
-0.000000 ,-0.000079
-0.007489 ,-0.189763
-0.063195 ,-0.004240
-0.000106 ,-0.041899
-0.039438 ,-0.005430
-0.013264 ,-0.001217
0.006252 ,-0.001058
0.026594 ,-0.039708
-0.002014 ,-0.740900
-0.000018 ,-0.000000
-0.000533 ,-0.000019
-0.000001 ,-0.000027
-0.000002 ,-0.000001
-0.000000 ,-0.000000
-0.000001 ,-0.000028
-0.000360 ,-0.000039
-0.000000 ,-0.000000
-0.000166 ,-0.000039
-0.000001 ,-0.000000
-0.000048 ,-0.000016
-0.000001 ,-0.074448 ,NaN
-0.747850 ,-0.209983
-0.064546 ,-0.020455
-0.055113 ,-0.140049
-0.077145 ,-0.044502
-0.471415 ,0.772129
-0.231034 ,0.391111
0.265122 ,-0.231961
-0.636038 ,-0.009678
-0.585630 ,-0.009095
-0.000215 ,-0.006006
-0.002341 ,-0.000001
-0.000001 ,-0.007125
-0.001689 ,-0.001894
-0.000190 ,-0.000001
-0.000058 ,-0.000001
-0.000023 ,-0.000171
-0.000000 ,-0.000079
-0.007489 ,-0.189763
-0.063195 ,-0.004240
-0.000106 ,-0.041899
-0.039438 ,-0.005430
-0.013264 ,-0.001217
0.006252 ,-0.001058
0.026594 ,-0.039708
-0.002014 ,-0.740900
-0.000018 ,-0.000000
-0.000533 ,-0.000019
-0.000001 ,-0.000027
-0.000002 ,-0.000001
-0.000000 ,-0.000000
-0.000001 ,-0.000028
-0.000360 ,-0.000039
-0.000000 ,-0.000000
-0.000166 ,-0.000039
-0.000001 ,-0.000000
-0.000048 ,-0.000016
-0.000001 ,-0.009918 ,NaN
-0.747850 ,-0.209983
-0.064546 ,-0.020455
-0.055113 ,-0.140049
-0.077145 ,-0.044502
-0.471415 ,0.772129
-0.231034 ,0.391111
0.265122 ,-0.231961
-0.636038 ,-0.009678
-0.585630 ,-0.009095
-0.000215 ,-0.006006
-0.002341 ,-0.000001
-0.000001 ,-0.007125
-0.001689 ,-0.001894
-0.000190 ,-0.000001
-0.000058 ,-0.000001
-0.000023 ,-0.000171
-0.000000 ,-0.000079
-0.007489 ,-0.189763
-0.063195 ,-0.004240
-0.000106 ,-0.041899
-0.039438 ,-0.005430
-0.013264 ,-0.001217
0.006252 ,-0.001058
0.026594 ,-0.039708
-0.002014 ,-0.740900
-0.000018 ,-0.000000
-0.000533 ,-0.000019
-0.000001 ,-0.000027
-0.000002 ,-0.000001
-0.000000 ,-0.000000
-0.000001 ,-0.000028
-0.000360 ,-0.000039
-0.000000 ,-0.000000
-0.000166 ,-0.000039
-0.000001 ,-0.000000
-0.000048 ,-0.000016
-0.000001 ,0.102995 ,NaN
-0.747850 ,-0.209983
-0.064546 ,-0.020455
-0.055113 ,-0.140049
-0.077145 ,-0.044502
-0.471415 ,0.772129
-0.231034 ,0.391111
0.265122 ,-0.231961
-0.636038 ,-0.009678
-0.585630 ,-0.009095
-0.000215 ,-0.006006
-0.002341 ,-0.000001
-0.000001 ,-0.007125
-0.001689 ,-0.001894
-0.000190 ,-0.000001
-0.000058 ,-0.000001
-0.000023 ,-0.000171
-0.000000 ,-0.000079
-0.007489 ,-0.189763
-0.063195 ,-0.004240
-0.000106 ,-0.041899
-0.039438 ,-0.005430
-0.013264 ,-0.001217
0.006252 ,-0.001058
0.026594 ,-0.039708
-0.002014 ,-0.740900
-0.000018 ,-0.000000
-0.000533 ,-0.000019
-0.000001 ,-0.000027
-0.000002 ,-0.000001
-0.000000 ,-0.000000
-0.000001 ,-0.000028
-0.000360 ,-0.000039
-0.000000 ,-0.000000
-0.000166 ,-0.000039
-0.000001 ,-0.000000
-0.000048 ,-0.000016
-0.000001 ,-0.042695 ,NaN
-0.747850 ,-0.209983
-0.064546 ,-0.020455
-0.055113 ,-0.140049
-0.077145 ,-0.044502
-0.471415 ,0.772129
-0.231034 ,0.391111
0.265122 ,-0.231961
-0.636038 ,-0.009678
-0.585630 ,-0.009095
-0.000215 ,-0.006006
-0.002341 ,-0.000001
-0.000001 ,-0.007125
-0.001689 ,-0.001894
-0.000190 ,-0.000001
-0.000058 ,-0.000001
-0.000023 ,-0.000171
-0.000000 ,-0.000079
-0.007489 ,-0.189763
-0.063195 ,-0.004240
-0.000106 ,-0.041899
-0.039438 ,-0.005430
-0.013264 ,-0.001217
0.006252 ,-0.001058
0.026594 ,-0.039708
-0.002014 ,-0.740900
-0.000018 ,-0.000000
-0.000533 ,-0.000019
-0.000001 ,-0.000027
-0.000002 ,-0.000001
-0.000000 ,-0.000000
-0.000001 ,-0.000028
-0.000360 ,-0.000039
-0.000000 ,-0.000000
-0.000166 ,-0.000039
-0.000001 ,-0.000000
-0.000048 ,-0.000016
-0.000001 ,0.152602 ,NaN
-0.747850 ,-0.209983
-0.064546 ,-0.020455
-0.055113 ,-0.140049
-0.077145 ,-0.044502
-0.471415 ,0.772129
-0.231034 ,0.391111
0.265122 ,-0.231961
-0.636038 ,-0.009678
-0.585630 ,-0.009095
-0.000215 ,-0.006006
-0.002341 ,-0.000001
-0.000001 ,-0.007125
-0.001689 ,-0.001894
-0.000190 ,-0.000001
-0.000058 ,-0.000001
-0.000023 ,-0.000171
-0.000000 ,-0.000079
-0.007489 ,-0.189763
-0.063195 ,-0.004240
-0.000106 ,-0.041899
-0.039438 ,-0.005430
-0.013264 ,-0.001217
0.006252 ,-0.001058
0.026594 ,-0.039708
-0.002014 ,-0.740900
-0.000018 ,-0.000000
-0.000533 ,-0.000019
-0.000001 ,-0.000027
-0.000002 ,-0.000001
-0.000000 ,-0.000000
-0.000001 ,-0.000028
-0.000360 ,-0.000039
-0.000000 ,-0.000000
-0.000166 ,-0.000039
-0.000001 ,-0.000000
-0.000048 ,-0.000016
-0.000001 ,-0.089156 ,NaN
-0.747850 ,-0.209983
-0.064546 ,-0.020455
-0.055113 ,-0.140049
-0.077145 ,-0.044502
-0.471415 ,0.772129
-0.231034 ,0.391111
0.265122 ,-0.231961
-0.636038 ,-0.009678
-0.585630 ,-0.009095
-0.000215 ,-0.006006
-0.002341 ,-0.000001
-0.000001 ,-0.007125
-0.001689 ,-0.001894
-0.000190 ,-0.000001
-0.000058 ,-0.000001
-0.000023 ,-0.000171
-0.000000 ,-0.000079
-0.007489 ,-0.189763
-0.063195 ,-0.004240
-0.000106 ,-0.041899
-0.039438 ,-0.005430
-0.013264 ,-0.001217
0.006252 ,-0.001058
0.026594 ,-0.039708
-0.002014 ,-0.740900
-0.000018 ,-0.000000
-0.000533 ,-0.000019
-0.000001 ,-0.000027
-0.000002 ,-0.000001
-0.000000 ,-0.000000
-0.000001 ,-0.000028
-0.000360 ,-0.000039
-0.000000 ,-0.000000
-0.000166 ,-0.000039
-0.000001 ,-0.000000
-0.000048 ,-0.000016
-0.000001 ,-0.004863 ,NaN
-0.747850 ,-0.209983
-0.064546 ,-0.020455
-0.055113 ,-0.140049
-0.077145 ,-0.044502
-0.471415 ,0.772129
-0.231034 ,0.391111
0.265122 ,-0.231961
-0.636038 ,-0.009678
-0.585630 ,-0.009095
-0.000215 ,-0.006006
-0.002341 ,-0.000001
-0.000001 ,-0.007125
-0.001689 ,-0.001894
-0.000190 ,-0.000001
-0.000058 ,-0.000001
-0.000023 ,-0.000171
-0.000000 ,-0.000079
-0.007489 ,-0.189763
-0.063195 ,-0.004240
-0.000106 ,-0.041899
-0.039438 ,-0.005430
-0.013264 ,-0.001217
0.006252 ,-0.001058
0.026594 ,-0.039708
-0.002014 ,-0.740900
-0.000018 ,-0.000000
-0.000533 ,-0.000019
-0.000001 ,-0.000027
-0.000002 ,-0.000001
-0.000000 ,-0.000000
-0.000001 ,-0.000028
-0.000360 ,-0.000039
-0.000000 ,-0.000000
-0.000166 ,-0.000039
-0.000001 ,-0.000000
-0.000048 ,-0.000016
-0.000001 ,0.250854 ,NaN
-0.747850 ,-0.209983
-0.064546 ,-0.020455
-0.055113 ,-0.140049
-0.077145 ,-0.044502
-0.471415 ,0.772129
-0.231034 ,0.391111
0.265122 ,-0.231961
-0.636038 ,-0.009678
-0.585630 ,-0.009095
-0.000215 ,-0.006006
-0.002341 ,-0.000001
-0.000001 ,-0.007125
-0.001689 ,-0.001894
-0.000190 ,-0.000001
-0.000058 ,-0.000001
-0.000023 ,-0.000171
-0.000000 ,-0.000079
-0.007489 ,-0.189763
-0.063195 ,-0.004240
-0.000106 ,-0.041899
-0.039438 ,-0.005430
-0.013264 ,-0.001217
0.006252 ,-0.001058
0.026594 ,-0.039708
-0.002014 ,-0.740900
-0.000018 ,-0.000000
-0.000533 ,-0.000019
-0.000001 ,-0.000027
-0.000002 ,-0.000001
-0.000000 ,-0.000000
-0.000001 ,-0.000028
-0.000360 ,-0.000039
-0.000000 ,-0.000000
-0.000166 ,-0.000039
-0.000001 ,-0.000000
-0.000048 ,-0.000016
-0.000001 ,-0.605751 ,NaN
-0.747850 ,-0.209983
-0.064546 ,-0.020455
-0.055113 ,-0.140049
-0.077145 ,-0.044502
-0.471415 ,0.772129
-0.231034 ,0.391111
0.265122 ,-0.231961
-0.636038 ,-0.009678
-0.585630 ,-0.009095
-0.000215 ,-0.006006
-0.002341 ,-0.000001
-0.000001 ,-0.007125
-0.001689 ,-0.001894
-0.000190 ,-0.000001
-0.000058 ,-0.000001
-0.000023 ,-0.000171
-0.000000 ,-0.000079
-0.007489 ,-0.189763
-0.063195 ,-0.004240
-0.000106 ,-0.041899
-0.039438 ,-0.005430
-0.013264 ,-0.001217
0.006252 ,-0.001058
0.026594 ,-0.039708
-0.002014 ,-0.740900
-0.000018 ,-0.000000
-0.000533 ,-0.000019
-0.000001 ,-0.000027
-0.000002 ,-0.000001
-0.000000 ,-0.000000
-0.000001 ,-0.000028
-0.000360 ,-0.000039
-0.000000 ,-0.000000
-0.000166 ,-0.000039
-0.000001 ,-0.000000
-0.000048 ,-0.000016
-0.000001 ,3.410126 ,NaN
-0.747850 ,-0.209983
-0.064546 ,-0.020455
-0.055113 ,-0.140049
-0.077145 ,-0.044502
-0.471415 ,0.772129
-0.231034 ,0.391111
0.265122 ,-0.231961
-0.636038 ,-0.009678
-0.585630 ,-0.009095
-0.000215 ,-0.006006
-0.002341 ,-0.000001
-0.000001 ,-0.007125
-0.001689 ,-0.001894
-0.000190 ,-0.000001
-0.000058 ,-0.000001
-0.000023 ,-0.000171
-0.000000 ,-0.000079
-0.007489 ,-0.189763
-0.063195 ,-0.004240
-0.000106 ,-0.041899
-0.039438 ,-0.005430
-0.013264 ,-0.001217
0.006252 ,-0.001058
0.026594 ,-0.039708
-0.002014 ,-0.740900
-0.000018 ,-0.000000
-0.000533 ,-0.000019
-0.000001 ,-0.000027
-0.000002 ,-0.000001
-0.000000 ,-0.000000
-0.000001 ,-0.000028
-0.000360 ,-0.000039
-0.000000 ,-0.000000
-0.000166 ,-0.000039
-0.000001 ,-0.000000
-0.000048 ,-0.000016
-0.000001 ,-1.722345 ,NaN
-0.747850 ,-0.209983
-0.064546 ,-0.020455
-0.055113 ,-0.140049
-0.077145 ,-0.044502
-0.471415 ,0.772129
-0.231034 ,0.391111
0.265122 ,-0.231961
-0.636038 ,-0.009678
-0.585630 ,-0.009095
-0.000215 ,-0.006006
-0.002341 ,-0.000001
-0.000001 ,-0.007125
-0.001689 ,-0.001894
-0.000190 ,-0.000001
-0.000058 ,-0.000001
-0.000023 ,-0.000171
-0.000000 ,-0.000079
-0.007489 ,-0.189763
-0.063195 ,-0.004240
-0.000106 ,-0.041899
-0.039438 ,-0.005430
-0.013264 ,-0.001217
0.006252 ,-0.001058
0.026594 ,-0.039708
-0.002014 ,-0.740900
-0.000018 ,-0.000000
-0.000533 ,-0.000019
-0.000001 ,-0.000027
-0.000002 ,-0.000001
-0.000000 ,-0.000000
-0.000001 ,-0.000028
-0.000360 ,-0.000039
-0.000000 ,-0.000000
-0.000166 ,-0.000039
-0.000001 ,-0.000000
-0.000048 ,-0.000016
-0.000001 ,-1.437757 ,NaN
-0.747850 ,-0.209983
-0.064546 ,-0.020455
-0.055113 ,-0.140049
-0.077145 ,-0.044502
-0.471415 ,0.772129
-0.231034 ,0.391111
0.265122 ,-0.231961
-0.636038 ,-0.009678
-0.585630 ,-0.009095
-0.000215 ,-0.006006
-0.002341 ,-0.000001
-0.000001 ,-0.007125
-0.001689 ,-0.001894
-0.000190 ,-0.000001
-0.000058 ,-0.000001
-0.000023 ,-0.000171
-0.000000 ,-0.000079
-0.007489 ,-0.189763
-0.063195 ,-0.004240
-0.000106 ,-0.041899
-0.039438 ,-0.005430
-0.013264 ,-0.001217
0.006252 ,-0.001058
0.026594 ,-0.039708
-0.002014 ,-0.740900
-0.000018 ,-0.000000
-0.000533 ,-0.000019
-0.000001 ,-0.000027
-0.000002 ,-0.000001
-0.000000 ,-0.000000
-0.000001 ,-0.000028
-0.000360 ,-0.000039
-0.000000 ,-0.000000
-0.000166 ,-0.000039
-0.000001 ,-0.000000
-0.000048 ,-0.000016
-0.000001 ,-0.257781 ,NaN
-0.747850 ,-0.209983
-0.064546 ,-0.020455
-0.055113 ,-0.140049
-0.077145 ,-0.044502
-0.471415 ,0.772129
-0.231034 ,0.391111
0.265122 ,-0.231961
-0.636038 ,-0.009678
-0.585630 ,-0.009095
-0.000215 ,-0.006006
-0.002341 ,-0.000001
-0.000001 ,-0.007125
-0.001689 ,-0.001894
-0.000190 ,-0.000001
-0.000058 ,-0.000001
-0.000023 ,-0.000171
-0.000000 ,-0.000079
-0.007489 ,-0.189763
-0.063195 ,-0.004240
-0.000106 ,-0.041899
-0.039438 ,-0.005430
-0.013264 ,-0.001217
0.006252 ,-0.001058
0.026594 ,-0.039708
-0.002014 ,-0.740900
-0.000018 ,-0.000000
-0.000533 ,-0.000019
-0.000001 ,-0.000027
-0.000002 ,-0.000001
-0.000000 ,-0.000000
-0.000001 ,-0.000028
-0.000360 ,-0.000039
-0.000000 ,-0.000000
-0.000166 ,-0.000039
-0.000001 ,-0.000000
-0.000048 ,-0.000016
-0.000001 ,3.787950 ,NaN
-0.747850 ,-0.209983
-0.064546 ,-0.020455
-0.055113 ,-0.140049
-0.077145 ,-0.044502
-0.471415 ,0.772129
-0.231034 ,0.391111
0.265122 ,-0.231961
-0.636038 ,-0.009678
-0.585630 ,-0.009095
-0.000215 ,-0.006006
-0.002341 ,-0.000001
-0.000001 ,-0.007125
-0.001689 ,-0.001894
-0.000190 ,-0.000001
-0.000058 ,-0.000001
-0.000023 ,-0.000171
-0.000000 ,-0.000079
-0.007489 ,-0.189763
-0.063195 ,-0.004240
-0.000106 ,-0.041899
-0.039438 ,-0.005430
-0.013264 ,-0.001217
0.006252 ,-0.001058
0.026594 ,-0.039708
-0.002014 ,-0.740900
-0.000018 ,-0.000000
-0.000533 ,-0.000019
-0.000001 ,-0.000027
-0.000002 ,-0.000001
-0.000000 ,-0.000000
-0.000001 ,-0.000028
-0.000360 ,-0.000039
-0.000000 ,-0.000000
-0.000166 ,-0.000039
-0.000001 ,-0.000000
-0.000048 ,-0.000016
-0.000001 ,-1.878400 ,NaN
-0.747850 ,-0.209983
-0.064546 ,-0.020455
-0.055113 ,-0.140049
-0.077145 ,-0.044502
-0.471415 ,0.772129
-0.231034 ,0.391111
0.265122 ,-0.231961
-0.636038 ,-0.009678
-0.585630 ,-0.009095
-0.000215 ,-0.006006
-0.002341 ,-0.000001
-0.000001 ,-0.007125
-0.001689 ,-0.001894
-0.000190 ,-0.000001
-0.000058 ,-0.000001
-0.000023 ,-0.000171
-0.000000 ,-0.000079
-0.007489 ,-0.189763
-0.063195 ,-0.004240
-0.000106 ,-0.041899
-0.039438 ,-0.005430
-0.013264 ,-0.001217
0.006252 ,-0.001058
0.026594 ,-0.039708
-0.002014 ,-0.740900
-0.000018 ,-0.000000
-0.000533 ,-0.000019
-0.000001 ,-0.000027
-0.000002 ,-0.000001
-0.000000 ,-0.000000
-0.000001 ,-0.000028
-0.000360 ,-0.000039
-0.000000 ,-0.000000
-0.000166 ,-0.000039
-0.000001 ,-0.000000
-0.000048 ,-0.000016
-0.000001 ,-263.564438 ,NaN
-0.747850 ,-0.209983
-0.064546 ,-0.020455
-0.055113 ,-0.140049
-0.077145 ,-0.044502
-0.471415 ,0.772129
-0.231034 ,0.391111
0.265122 ,-0.231961
-0.636038 ,-0.009678
-0.585630 ,-0.009095
-0.000215 ,-0.006006
-0.002341 ,-0.000001
-0.000001 ,-0.007125
-0.001689 ,-0.001894
-0.000190 ,-0.000001
-0.000058 ,-0.000001
-0.000023 ,-0.000171
-0.000000 ,-0.000079
-0.007489 ,-0.189763
-0.063195 ,-0.004240
-0.000106 ,-0.041899
-0.039438 ,-0.005430
-0.013264 ,-0.001217
0.006252 ,-0.001058
0.026594 ,-0.039708
-0.002014 ,-0.740900
-0.000018 ,-0.000000
-0.000533 ,-0.000019
-0.000001 ,-0.000027
-0.000002 ,-0.000001
-0.000000 ,-0.000000
-0.000001 ,-0.000028
-0.000360 ,-0.000039
-0.000000 ,-0.000000
-0.000166 ,-0.000039
-0.000001 ,-0.000000
-0.000048 ,-0.000016
-0.000001 ,206.303646 ,NaN
-0.747850 ,-0.209983
-0.064546 ,-0.020455
-0.055113 ,-0.140049
-0.077145 ,-0.044502
-0.471415 ,0.772129
-0.231034 ,0.391111
0.265122 ,-0.231961
-0.636038 ,-0.009678
-0.585630 ,-0.009095
-0.000215 ,-0.006006
-0.002341 ,-0.000001
-0.000001 ,-0.007125
-0.001689 ,-0.001894
-0.000190 ,-0.000001
-0.000058 ,-0.000001
-0.000023 ,-0.000171
-0.000000 ,-0.000079
-0.007489 ,-0.189763
-0.063195 ,-0.004240
-0.000106 ,-0.041899
-0.039438 ,-0.005430
-0.013264 ,-0.001217
0.006252 ,-0.001058
0.026594 ,-0.039708
-0.002014 ,-0.740900
-0.000018 ,-0.000000
-0.000533 ,-0.000019
-0.000001 ,-0.000027
-0.000002 ,-0.000001
-0.000000 ,-0.000000
-0.000001 ,-0.000028
-0.000360 ,-0.000039
-0.000000 ,-0.000000
-0.000166 ,-0.000039
-0.000001 ,-0.000000
-0.000048 ,-0.000016
-0.000001 ,-2.251071 ,NaN
-0.747850 ,-0.209983
-0.064546 ,-0.020455
-0.055113 ,-0.140049
-0.077145 ,-0.044502
-0.471415 ,0.772129
-0.231034 ,0.391111
0.265122 ,-0.231961
-0.636038 ,-0.009678
-0.585630 ,-0.009095
-0.000215 ,-0.006006
-0.002341 ,-0.000001
-0.000001 ,-0.007125
-0.001689 ,-0.001894
-0.000190 ,-0.000001
-0.000058 ,-0.000001
-0.000023 ,-0.000171
-0.000000 ,-0.000079
-0.007489 ,-0.189763
-0.063195 ,-0.004240
-0.000106 ,-0.041899
-0.039438 ,-0.005430
-0.013264 ,-0.001217
0.006252 ,-0.001058
0.026594 ,-0.039708
-0.002014 ,-0.740900
-0.000018 ,-0.000000
-0.000533 ,-0.000019
-0.000001 ,-0.000027
-0.000002 ,-0.000001
-0.000000 ,-0.000000
-0.000001 ,-0.000028
-0.000360 ,-0.000039
-0.000000 ,-0.000000
-0.000166 ,-0.000039
-0.000001 ,-0.000000
-0.000048 ,-0.000016
-0.000001 ,109.724433 ,NaN
-0.747850 ,-0.209983
-0.064546 ,-0.020455
-0.055113 ,-0.140049
-0.077145 ,-0.044502
-0.471415 ,0.772129
-0.231034 ,0.391111
0.265122 ,-0.231961
-0.636038 ,-0.009678
-0.585630 ,-0.009095
-0.000215 ,-0.006006
-0.002341 ,-0.000001
-0.000001 ,-0.007125
-0.001689 ,-0.001894
-0.000190 ,-0.000001
-0.000058 ,-0.000001
-0.000023 ,-0.000171
-0.000000 ,-0.000079
-0.007489 ,-0.189763
-0.063195 ,-0.004240
-0.000106 ,-0.041899
-0.039438 ,-0.005430
-0.013264 ,-0.001217
0.006252 ,-0.001058
0.026594 ,-0.039708
-0.002014 ,-0.740900
-0.000018 ,-0.000000
-0.000533 ,-0.000019
-0.000001 ,-0.000027
-0.000002 ,-0.000001
-0.000000 ,-0.000000
-0.000001 ,-0.000028
-0.000360 ,-0.000039
-0.000000 ,-0.000000
-0.000166 ,-0.000039
-0.000001 ,-0.000000
-0.000048 ,-0.000016
-0.000001 ,2.658057 ,NaN
-0.747850 ,-0.209983
-0.064546 ,-0.020455
-0.055113 ,-0.140049
-0.077145 ,-0.044502
-0.471415 ,0.772129
-0.231034 ,0.391111
0.265122 ,-0.231961
-0.636038 ,-0.009678
-0.585630 ,-0.009095
-0.000215 ,-0.006006
-0.002341 ,-0.000001
-0.000001 ,-0.007125
-0.001689 ,-0.001894
-0.000190 ,-0.000001
-0.000058 ,-0.000001
-0.000023 ,-0.000171
-0.000000 ,-0.000079
-0.007489 ,-0.189763
-0.063195 ,-0.004240
-0.000106 ,-0.041899
-0.039438 ,-0.005430
-0.013264 ,-0.001217
0.006252 ,-0.001058
0.026594 ,-0.039708
-0.002014 ,-0.740900
-0.000018 ,-0.000000
-0.000533 ,-0.000019
-0.000001 ,-0.000027
-0.000002 ,-0.000001
-0.000000 ,-0.000000
-0.000001 ,-0.000028
-0.000360 ,-0.000039
-0.000000 ,-0.000000
-0.000166 ,-0.000039
-0.000001 ,-0.000000
-0.000048 ,-0.000016
-0.000001 ,98.883788 ,NaN
-0.747850 ,-0.209983
-0.064546 ,-0.020455
-0.055113 ,-0.140049
-0.077145 ,-0.044502
-0.471415 ,0.772129
-0.231034 ,0.391111
0.265122 ,-0.231961
-0.636038 ,-0.009678
-0.585630 ,-0.009095
-0.000215 ,-0.006006
-0.002341 ,-0.000001
-0.000001 ,-0.007125
-0.001689 ,-0.001894
-0.000190 ,-0.000001
-0.000058 ,-0.000001
-0.000023 ,-0.000171
-0.000000 ,-0.000079
-0.007489 ,-0.189763
-0.063195 ,-0.004240
-0.000106 ,-0.041899
-0.039438 ,-0.005430
-0.013264 ,-0.001217
0.006252 ,-0.001058
0.026594 ,-0.039708
-0.002014 ,-0.740900
-0.000018 ,-0.000000
-0.000533 ,-0.000019
-0.000001 ,-0.000027
-0.000002 ,-0.000001
-0.000000 ,-0.000000
-0.000001 ,-0.000028
-0.000360 ,-0.000039
-0.000000 ,-0.000000
-0.000166 ,-0.000039
-0.000001 ,-0.000000
-0.000048 ,-0.000016
-0.000001 ,68.568917 ,NaN
-0.747850 ,-0.209983
-0.064546 ,-0.020455
-0.055113 ,-0.140049
-0.077145 ,-0.044502
-0.471415 ,0.772129
-0.231034 ,0.391111
0.265122 ,-0.231961
-0.636038 ,-0.009678
-0.585630 ,-0.009095
-0.000215 ,-0.006006
-0.002341 ,-0.000001
-0.000001 ,-0.007125
-0.001689 ,-0.001894
-0.000190 ,-0.000001
-0.000058 ,-0.000001
-0.000023 ,-0.000171
-0.000000 ,-0.000079
-0.007489 ,-0.189763
-0.063195 ,-0.004240
-0.000106 ,-0.041899
-0.039438 ,-0.005430
-0.013264 ,-0.001217
0.006252 ,-0.001058
0.026594 ,-0.039708
-0.002014 ,-0.740900
-0.000018 ,-0.000000
-0.000533 ,-0.000019
-0.000001 ,-0.000027
-0.000002 ,-0.000001
-0.000000 ,-0.000000
-0.000001 ,-0.000028
-0.000360 ,-0.000039
-0.000000 ,-0.000000
-0.000166 ,-0.000039
-0.000001 ,-0.000000
-0.000048 ,-0.000016
-0.000001 ,-3.751008 ,NaN
-0.747850 ,-0.209983
-0.064546 ,-0.020455
-0.055113 ,-0.140049
-0.077145 ,-0.044502
-0.471415 ,0.772129
-0.231034 ,0.391111
0.265122 ,-0.231961
-0.636038 ,-0.009678
-0.585630 ,-0.009095
-0.000215 ,-0.006006
-0.002341 ,-0.000001
-0.000001 ,-0.007125
-0.001689 ,-0.001894
-0.000190 ,-0.000001
-0.000058 ,-0.000001
-0.000023 ,-0.000171
-0.000000 ,-0.000079
-0.007489 ,-0.189763
-0.063195 ,-0.004240
-0.000106 ,-0.041899
-0.039438 ,-0.005430
-0.013264 ,-0.001217
0.006252 ,-0.001058
0.026594 ,-0.039708
-0.002014 ,-0.740900
-0.000018 ,-0.000000
-0.000533 ,-0.000019
-0.000001 ,-0.000027
-0.000002 ,-0.000001
-0.000000 ,-0.000000
-0.000001 ,-0.000028
-0.000360 ,-0.000039
-0.000000 ,-0.000000
-0.000166 ,-0.000039
-0.000001 ,-0.000000
-0.000048 ,-0.000016
-0.000001 ,2.265150 ,NaN
-0.747850 ,-0.209983
-0.064546 ,-0.020455
-0.055113 ,-0.140049
-0.077145 ,-0.044502
-0.471415 ,0.772129
-0.231034 ,0.391111
0.265122 ,-0.231961
-0.636038 ,-0.009678
-0.585630 ,-0.009095
-0.000215 ,-0.006006
-0.002341 ,-0.000001
-0.000001 ,-0.007125
-0.001689 ,-0.001894
-0.000190 ,-0.000001
-0.000058 ,-0.000001
-0.000023 ,-0.000171
-0.000000 ,-0.000079
-0.007489 ,-0.189763
-0.063195 ,-0.004240
-0.000106 ,-0.041899
-0.039438 ,-0.005430
-0.013264 ,-0.001217
0.006252 ,-0.001058
0.026594 ,-0.039708
-0.002014 ,-0.740900
-0.000018 ,-0.000000
-0.000533 ,-0.000019
-0.000001 ,-0.000027
-0.000002 ,-0.000001
-0.000000 ,-0.000000
-0.000001 ,-0.000028
-0.000360 ,-0.000039
-0.000000 ,-0.000000
-0.000166 ,-0.000039
-0.000001 ,-0.000000
-0.000048 ,-0.000016
-0.000001 ,1.757464 ,NaN
-0.747850 ,-0.209983
-0.064546 ,-0.020455
-0.055113 ,-0.140049
-0.077145 ,-0.044502
-0.471415 ,0.772129
-0.231034 ,0.391111
0.265122 ,-0.231961
-0.636038 ,-0.009678
-0.585630 ,-0.009095
-0.000215 ,-0.006006
-0.002341 ,-0.000001
-0.000001 ,-0.007125
-0.001689 ,-0.001894
-0.000190 ,-0.000001
-0.000058 ,-0.000001
-0.000023 ,-0.000171
-0.000000 ,-0.000079
-0.007489 ,-0.189763
-0.063195 ,-0.004240
-0.000106 ,-0.041899
-0.039438 ,-0.005430
-0.013264 ,-0.001217
0.006252 ,-0.001058
0.026594 ,-0.039708
-0.002014 ,-0.740900
-0.000018 ,-0.000000
-0.000533 ,-0.000019
-0.000001 ,-0.000027
-0.000002 ,-0.000001
-0.000000 ,-0.000000
-0.000001 ,-0.000028
-0.000360 ,-0.000039
-0.000000 ,-0.000000
-0.000166 ,-0.000039
-0.000001 ,-0.000000
-0.000048 ,-0.000016
-0.000001 ,-0.303163 ,NaN
-0.747850 ,-0.209983
-0.064546 ,-0.020455
-0.055113 ,-0.140049
-0.077145 ,-0.044502
-0.471415 ,0.772129
-0.231034 ,0.391111
0.265122 ,-0.231961
-0.636038 ,-0.009678
-0.585630 ,-0.009095
-0.000215 ,-0.006006
-0.002341 ,-0.000001
-0.000001 ,-0.007125
-0.001689 ,-0.001894
-0.000190 ,-0.000001
-0.000058 ,-0.000001
-0.000023 ,-0.000171
-0.000000 ,-0.000079
-0.007489 ,-0.189763
-0.063195 ,-0.004240
-0.000106 ,-0.041899
-0.039438 ,-0.005430
-0.013264 ,-0.001217
0.006252 ,-0.001058
0.026594 ,-0.039708
-0.002014 ,-0.740900
-0.000018 ,-0.000000
-0.000533 ,-0.000019
-0.000001 ,-0.000027
-0.000002 ,-0.000001
-0.000000 ,-0.000000
-0.000001 ,-0.000028
-0.000360 ,-0.000039
-0.000000 ,-0.000000
-0.000166 ,-0.000039
-0.000001 ,-0.000000
-0.000048 ,-0.000016
-0.000001 ,-3.067764 ,NaN
-0.747850 ,-0.209983
-0.064546 ,-0.020455
-0.055113 ,-0.140049
-0.077145 ,-0.044502
-0.471415 ,0.772129
-0.231034 ,0.391111
0.265122 ,-0.231961
-0.636038 ,-0.009678
-0.585630 ,-0.009095
-0.000215 ,-0.006006
-0.002341 ,-0.000001
-0.000001 ,-0.007125
-0.001689 ,-0.001894
-0.000190 ,-0.000001
-0.000058 ,-0.000001
-0.000023 ,-0.000171
-0.000000 ,-0.000079
-0.007489 ,-0.189763
-0.063195 ,-0.004240
-0.000106 ,-0.041899
-0.039438 ,-0.005430
-0.013264 ,-0.001217
0.006252 ,-0.001058
0.026594 ,-0.039708
-0.002014 ,-0.740900
-0.000018 ,-0.000000
-0.000533 ,-0.000019
-0.000001 ,-0.000027
-0.000002 ,-0.000001
-0.000000 ,-0.000000
-0.000001 ,-0.000028
-0.000360 ,-0.000039
-0.000000 ,-0.000000
-0.000166 ,-0.000039
-0.000001 ,-0.000000
-0.000048 ,-0.000016
-0.000001 ,2.614367 ,NaN
-0.747850 ,-0.209983
-0.064546 ,-0.020455
-0.055113 ,-0.140049
-0.077145 ,-0.044502
-0.471415 ,0.772129
-0.231034 ,0.391111
0.265122 ,-0.231961
-0.636038 ,-0.009678
-0.585630 ,-0.009095
-0.000215 ,-0.006006
-0.002341 ,-0.000001
-0.000001 ,-0.007125
-0.001689 ,-0.001894
-0.000190 ,-0.000001
-0.000058 ,-0.000001
-0.000023 ,-0.000171
-0.000000 ,-0.000079
-0.007489 ,-0.189763
-0.063195 ,-0.004240
-0.000106 ,-0.041899
-0.039438 ,-0.005430
-0.013264 ,-0.001217
0.006252 ,-0.001058
0.026594 ,-0.039708
-0.002014 ,-0.740900
-0.000018 ,-0.000000
-0.000533 ,-0.000019
-0.000001 ,-0.000027
-0.000002 ,-0.000001
-0.000000 ,-0.000000
-0.000001 ,-0.000028
-0.000360 ,-0.000039
-0.000000 ,-0.000000
-0.000166 ,-0.000039
-0.000001 ,-0.000000
-0.000048 ,-0.000016
-0.000001 ,0.094865 ,NaN
-0.747850 ,-0.209983
-0.064546 ,-0.020455
-0.055113 ,-0.140049
-0.077145 ,-0.044502
-0.471415 ,0.772129
-0.231034 ,0.391111
0.265122 ,-0.231961
-0.636038 ,-0.009678
-0.585630 ,-0.009095
-0.000215 ,-0.006006
-0.002341 ,-0.000001
-0.000001 ,-0.007125
-0.001689 ,-0.001894
-0.000190 ,-0.000001
-0.000058 ,-0.000001
-0.000023 ,-0.000171
-0.000000 ,-0.000079
-0.007489 ,-0.189763
-0.063195 ,-0.004240
-0.000106 ,-0.041899
-0.039438 ,-0.005430
-0.013264 ,-0.001217
0.006252 ,-0.001058
0.026594 ,-0.039708
-0.002014 ,-0.740900
-0.000018 ,-0.000000
-0.000533 ,-0.000019
-0.000001 ,-0.000027
-0.000002 ,-0.000001
-0.000000 ,-0.000000
-0.000001 ,-0.000028
-0.000360 ,-0.000039
-0.000000 ,-0.000000
-0.000166 ,-0.000039
-0.000001 ,-0.000000
-0.000048 ,-0.000016
-0.000001 ,0.217975 ,NaN
-0.747850 ,-0.209983
-0.064546 ,-0.020455
-0.055113 ,-0.140049
-0.077145 ,-0.044502
-0.471415 ,0.772129
-0.231034 ,0.391111
0.265122 ,-0.231961
-0.636038 ,-0.009678
-0.585630 ,-0.009095
-0.000215 ,-0.006006
-0.002341 ,-0.000001
-0.000001 ,-0.007125
-0.001689 ,-0.001894
-0.000190 ,-0.000001
-0.000058 ,-0.000001
-0.000023 ,-0.000171
-0.000000 ,-0.000079
-0.007489 ,-0.189763
-0.063195 ,-0.004240
-0.000106 ,-0.041899
-0.039438 ,-0.005430
-0.013264 ,-0.001217
0.006252 ,-0.001058
0.026594 ,-0.039708
-0.002014 ,-0.740900
-0.000018 ,-0.000000
-0.000533 ,-0.000019
-0.000001 ,-0.000027
-0.000002 ,-0.000001
-0.000000 ,-0.000000
-0.000001 ,-0.000028
-0.000360 ,-0.000039
-0.000000 ,-0.000000
-0.000166 ,-0.000039
-0.000001 ,-0.000000
-0.000048 ,-0.000016
-0.000001 ,0.844417 ,NaN
-0.747850 ,-0.209983
-0.064546 ,-0.020455
-0.055113 ,-0.140049
-0.077145 ,-0.044502
-0.471415 ,0.772129
-0.231034 ,0.391111
0.265122 ,-0.231961
-0.636038 ,-0.009678
-0.585630 ,-0.009095
-0.000215 ,-0.006006
-0.002341 ,-0.000001
-0.000001 ,-0.007125
-0.001689 ,-0.001894
-0.000190 ,-0.000001
-0.000058 ,-0.000001
-0.000023 ,-0.000171
-0.000000 ,-0.000079
-0.007489 ,-0.189763
-0.063195 ,-0.004240
-0.000106 ,-0.041899
-0.039438 ,-0.005430
-0.013264 ,-0.001217
0.006252 ,-0.001058
0.026594 ,-0.039708
-0.002014 ,-0.740900
-0.000018 ,-0.000000
-0.000533 ,-0.000019
-0.000001 ,-0.000027
-0.000002 ,-0.000001
-0.000000 ,-0.000000
-0.000001 ,-0.000028
-0.000360 ,-0.000039
-0.000000 ,-0.000000
-0.000166 ,-0.000039
-0.000001 ,-0.000000
-0.000048 ,-0.000016
-0.000001 ,-0.941903 ,NaN
-0.747850 ,-0.209983
-0.064546 ,-0.020455
-0.055113 ,-0.140049
-0.077145 ,-0.044502
-0.471415 ,0.772129
-0.231034 ,0.391111
0.265122 ,-0.231961
-0.636038 ,-0.009678
-0.585630 ,-0.009095
-0.000215 ,-0.006006
-0.002341 ,-0.000001
-0.000001 ,-0.007125
-0.001689 ,-0.001894
-0.000190 ,-0.000001
-0.000058 ,-0.000001
-0.000023 ,-0.000171
-0.000000 ,-0.000079
-0.007489 ,-0.189763
-0.063195 ,-0.004240
-0.000106 ,-0.041899
-0.039438 ,-0.005430
-0.013264 ,-0.001217
0.006252 ,-0.001058
0.026594 ,-0.039708
-0.002014 ,-0.740900
-0.000018 ,-0.000000
-0.000533 ,-0.000019
-0.000001 ,-0.000027
-0.000002 ,-0.000001
-0.000000 ,-0.000000
-0.000001 ,-0.000028
-0.000360 ,-0.000039
-0.000000 ,-0.000000
-0.000166 ,-0.000039
-0.000001 ,-0.000000
-0.000048 ,-0.000016
-0.000001 ,-0.148816 ,NaN
-0.747850 ,-0.209983
-0.064546 ,-0.020455
-0.055113 ,-0.140049
-0.077145 ,-0.044502
-0.471415 ,0.772129
-0.231034 ,0.391111
0.265122 ,-0.231961
-0.636038 ,-0.009678
-0.585630 ,-0.009095
-0.000215 ,-0.006006
-0.002341 ,-0.000001
-0.000001 ,-0.007125
-0.001689 ,-0.001894
-0.000190 ,-0.000001
-0.000058 ,-0.000001
-0.000023 ,-0.000171
-0.000000 ,-0.000079
-0.007489 ,-0.189763
-0.063195 ,-0.004240
-0.000106 ,-0.041899
-0.039438 ,-0.005430
-0.013264 ,-0.001217
0.006252 ,-0.001058
0.026594 ,-0.039708
-0.002014 ,-0.740900
-0.000018 ,-0.000000
-0.000533 ,-0.000019
-0.000001 ,-0.000027
-0.000002 ,-0.000001
-0.000000 ,-0.000000
-0.000001 ,-0.000028
-0.000360 ,-0.000039
-0.000000 ,-0.000000
-0.000166 ,-0.000039
-0.000001 ,-0.000000
-0.000048 ,-0.000016
-0.000001 ,-0.045998 ,NaN
-0.747850 ,-0.209983
-0.064546 ,-0.020455
-0.055113 ,-0.140049
-0.077145 ,-0.044502
-0.471415 ,0.772129
-0.231034 ,0.391111
0.265122 ,-0.231961
-0.636038 ,-0.009678
-0.585630 ,-0.009095
-0.000215 ,-0.006006
-0.002341 ,-0.000001
-0.000001 ,-0.007125
-0.001689 ,-0.001894
-0.000190 ,-0.000001
-0.000058 ,-0.000001
-0.000023 ,-0.000171
-0.000000 ,-0.000079
-0.007489 ,-0.189763
-0.063195 ,-0.004240
-0.000106 ,-0.041899
-0.039438 ,-0.005430
-0.013264 ,-0.001217
0.006252 ,-0.001058
0.026594 ,-0.039708
-0.002014 ,-0.740900
-0.000018 ,-0.000000
-0.000533 ,-0.000019
-0.000001 ,-0.000027
-0.000002 ,-0.000001
-0.000000 ,-0.000000
-0.000001 ,-0.000028
-0.000360 ,-0.000039
-0.000000 ,-0.000000
-0.000166 ,-0.000039
-0.000001 ,-0.000000
-0.000048 ,-0.000016
-0.000001 ,-1.141840 ,NaN
-0.747850 ,-0.209983
-0.064546 ,-0.020455
-0.055113 ,-0.140049
-0.077145 ,-0.044502
-0.471415 ,0.772129
-0.231034 ,0.391111
0.265122 ,-0.231961
-0.636038 ,-0.009678
-0.585630 ,-0.009095
-0.000215 ,-0.006006
-0.002341 ,-0.000001
-0.000001 ,-0.007125
-0.001689 ,-0.001894
-0.000190 ,-0.000001
-0.000058 ,-0.000001
-0.000023 ,-0.000171
-0.000000 ,-0.000079
-0.007489 ,-0.189763
-0.063195 ,-0.004240
-0.000106 ,-0.041899
-0.039438 ,-0.005430
-0.013264 ,-0.001217
0.006252 ,-0.001058
0.026594 ,-0.039708
-0.002014 ,-0.740900
-0.000018 ,-0.000000
-0.000533 ,-0.000019
-0.000001 ,-0.000027
-0.000002 ,-0.000001
-0.000000 ,-0.000000
-0.000001 ,-0.000028
-0.000360 ,-0.000039
-0.000000 ,-0.000000
-0.000166 ,-0.000039
-0.000001 ,-0.000000
-0.000048 ,-0.000016
-0.000001 ,3.096108 ,NaN
-0.747850 ,-0.209983
-0.064546 ,-0.020455
-0.055113 ,-0.140049
-0.077145 ,-0.044502
-0.471415 ,0.772129
-0.231034 ,0.391111
0.265122 ,-0.231961
-0.636038 ,-0.009678
-0.585630 ,-0.009095
-0.000215 ,-0.006006
-0.002341 ,-0.000001
-0.000001 ,-0.007125
-0.001689 ,-0.001894
-0.000190 ,-0.000001
-0.000058 ,-0.000001
-0.000023 ,-0.000171
-0.000000 ,-0.000079
-0.007489 ,-0.189763
-0.063195 ,-0.004240
-0.000106 ,-0.041899
-0.039438 ,-0.005430
-0.013264 ,-0.001217
0.006252 ,-0.001058
0.026594 ,-0.039708
-0.002014 ,-0.740900
-0.000018 ,-0.000000
-0.000533 ,-0.000019
-0.000001 ,-0.000027
-0.000002 ,-0.000001
-0.000000 ,-0.000000
-0.000001 ,-0.000028
-0.000360 ,-0.000039
-0.000000 ,-0.000000
-0.000166 ,-0.000039
-0.000001 ,-0.000000
-0.000048 ,-0.000016
-0.000001 ,-3.439026 ,NaN
-0.747850 ,-0.209983
-0.064546 ,-0.020455
-0.055113 ,-0.140049
-0.077145 ,-0.044502
-0.471415 ,0.772129
-0.231034 ,0.391111
0.265122 ,-0.231961
-0.636038 ,-0.009678
-0.585630 ,-0.009095
-0.000215 ,-0.006006
-0.002341 ,-0.000001
-0.000001 ,-0.007125
-0.001689 ,-0.001894
-0.000190 ,-0.000001
-0.000058 ,-0.000001
-0.000023 ,-0.000171
-0.000000 ,-0.000079
-0.007489 ,-0.189763
-0.063195 ,-0.004240
-0.000106 ,-0.041899
-0.039438 ,-0.005430
-0.013264 ,-0.001217
0.006252 ,-0.001058
0.026594 ,-0.039708
-0.002014 ,-0.740900
-0.000018 ,-0.000000
-0.000533 ,-0.000019
-0.000001 ,-0.000027
-0.000002 ,-0.000001
-0.000000 ,-0.000000
-0.000001 ,-0.000028
-0.000360 ,-0.000039
-0.000000 ,-0.000000
-0.000166 ,-0.000039
-0.000001 ,-0.000000
-0.000048 ,-0.000016
-0.000001 ,-0.835040 ,NaN
-0.747850 ,-0.209983
-0.064546 ,-0.020455
-0.055113 ,-0.140049
-0.077145 ,-0.044502
-0.471415 ,0.772129
-0.231034 ,0.391111
0.265122 ,-0.231961
-0.636038 ,-0.009678
-0.585630 ,-0.009095
-0.000215 ,-0.006006
-0.002341 ,-0.000001
-0.000001 ,-0.007125
-0.001689 ,-0.001894
-0.000190 ,-0.000001
-0.000058 ,-0.000001
-0.000023 ,-0.000171
-0.000000 ,-0.000079
-0.007489 ,-0.189763
-0.063195 ,-0.004240
-0.000106 ,-0.041899
-0.039438 ,-0.005430
-0.013264 ,-0.001217
0.006252 ,-0.001058
0.026594 ,-0.039708
-0.002014 ,-0.740900
-0.000018 ,-0.000000
-0.000533 ,-0.000019
-0.000001 ,-0.000027
-0.000002 ,-0.000001
-0.000000 ,-0.000000
-0.000001 ,-0.000028
-0.000360 ,-0.000039
-0.000000 ,-0.000000
-0.000166 ,-0.000039
-0.000001 ,-0.000000
-0.000048 ,-0.000016
-0.000001 ,-0.306756 ,NaN
-0.747850 ,-0.209983
-0.064546 ,-0.020455
-0.055113 ,-0.140049
-0.077145 ,-0.044502
-0.471415 ,0.772129
-0.231034 ,0.391111
0.265122 ,-0.231961
-0.636038 ,-0.009678
-0.585630 ,-0.009095
-0.000215 ,-0.006006
-0.002341 ,-0.000001
-0.000001 ,-0.007125
-0.001689 ,-0.001894
-0.000190 ,-0.000001
-0.000058 ,-0.000001
-0.000023 ,-0.000171
-0.000000 ,-0.000079
-0.007489 ,-0.189763
-0.063195 ,-0.004240
-0.000106 ,-0.041899
-0.039438 ,-0.005430
-0.013264 ,-0.001217
0.006252 ,-0.001058
0.026594 ,-0.039708
-0.002014 ,-0.740900
-0.000018 ,-0.000000
-0.000533 ,-0.000019
-0.000001 ,-0.000027
-0.000002 ,-0.000001
-0.000000 ,-0.000000
-0.000001 ,-0.000028
-0.000360 ,-0.000039
-0.000000 ,-0.000000
-0.000166 ,-0.000039
-0.000001 ,-0.000000
-0.000048 ,-0.000016
-0.000001 ,0.050324 ,NaN
-0.747850 ,-0.209983
-0.064546 ,-0.020455
-0.055113 ,-0.140049
-0.077145 ,-0.044502
-0.471415 ,0.772129
-0.231034 ,0.391111
0.265122 ,-0.231961
-0.636038 ,-0.009678
-0.585630 ,-0.009095
-0.000215 ,-0.006006
-0.002341 ,-0.000001
-0.000001 ,-0.007125
-0.001689 ,-0.001894
-0.000190 ,-0.000001
-0.000058 ,-0.000001
-0.000023 ,-0.000171
-0.000000 ,-0.000079
-0.007489 ,-0.189763
-0.063195 ,-0.004240
-0.000106 ,-0.041899
-0.039438 ,-0.005430
-0.013264 ,-0.001217
0.006252 ,-0.001058
0.026594 ,-0.039708
-0.002014 ,-0.740900
-0.000018 ,-0.000000
-0.000533 ,-0.000019
-0.000001 ,-0.000027
-0.000002 ,-0.000001
-0.000000 ,-0.000000
-0.000001 ,-0.000028
-0.000360 ,-0.000039
-0.000000 ,-0.000000
-0.000166 ,-0.000039
-0.000001 ,-0.000000
-0.000048 ,-0.000016
-0.000001 ,2.220912 ,NaN
-0.747850 ,-0.209983
-0.064546 ,-0.020455
-0.055113 ,-0.140049
-0.077145 ,-0.044502
-0.471415 ,0.772129
-0.231034 ,0.391111
0.265122 ,-0.231961
-0.636038 ,-0.009678
-0.585630 ,-0.009095
-0.000215 ,-0.006006
-0.002341 ,-0.000001
-0.000001 ,-0.007125
-0.001689 ,-0.001894
-0.000190 ,-0.000001
-0.000058 ,-0.000001
-0.000023 ,-0.000171
-0.000000 ,-0.000079
-0.007489 ,-0.189763
-0.063195 ,-0.004240
-0.000106 ,-0.041899
-0.039438 ,-0.005430
-0.013264 ,-0.001217
0.006252 ,-0.001058
0.026594 ,-0.039708
-0.002014 ,-0.740900
-0.000018 ,-0.000000
-0.000533 ,-0.000019
-0.000001 ,-0.000027
-0.000002 ,-0.000001
-0.000000 ,-0.000000
-0.000001 ,-0.000028
-0.000360 ,-0.000039
-0.000000 ,-0.000000
-0.000166 ,-0.000039
-0.000001 ,-0.000000
-0.000048 ,-0.000016
-0.000001 ,-2.114806 ,NaN
-0.747850 ,-0.209983
-0.064546 ,-0.020455
-0.055113 ,-0.140049
-0.077145 ,-0.044502
-0.471415 ,0.772129
-0.231034 ,0.391111
0.265122 ,-0.231961
-0.636038 ,-0.009678
-0.585630 ,-0.009095
-0.000215 ,-0.006006
-0.002341 ,-0.000001
-0.000001 ,-0.007125
-0.001689 ,-0.001894
-0.000190 ,-0.000001
-0.000058 ,-0.000001
-0.000023 ,-0.000171
-0.000000 ,-0.000079
-0.007489 ,-0.189763
-0.063195 ,-0.004240
-0.000106 ,-0.041899
-0.039438 ,-0.005430
-0.013264 ,-0.001217
0.006252 ,-0.001058
0.026594 ,-0.039708
-0.002014 ,-0.740900
-0.000018 ,-0.000000
-0.000533 ,-0.000019
-0.000001 ,-0.000027
-0.000002 ,-0.000001
-0.000000 ,-0.000000
-0.000001 ,-0.000028
-0.000360 ,-0.000039
-0.000000 ,-0.000000
-0.000166 ,-0.000039
-0.000001 ,-0.000000
-0.000048 ,-0.000016
-0.000001 ,-0.822525 ,NaN
-0.747850 ,-0.209983
-0.064546 ,-0.020455
-0.055113 ,-0.140049
-0.077145 ,-0.044502
-0.471415 ,0.772129
-0.231034 ,0.391111
0.265122 ,-0.231961
-0.636038 ,-0.009678
-0.585630 ,-0.009095
-0.000215 ,-0.006006
-0.002341 ,-0.000001
-0.000001 ,-0.007125
-0.001689 ,-0.001894
-0.000190 ,-0.000001
-0.000058 ,-0.000001
-0.000023 ,-0.000171
-0.000000 ,-0.000079
-0.007489 ,-0.189763
-0.063195 ,-0.004240
-0.000106 ,-0.041899
-0.039438 ,-0.005430
-0.013264 ,-0.001217
0.006252 ,-0.001058
0.026594 ,-0.039708
-0.002014 ,-0.740900
-0.000018 ,-0.000000
-0.000533 ,-0.000019
-0.000001 ,-0.000027
-0.000002 ,-0.000001
-0.000000 ,-0.000000
-0.000001 ,-0.000028
-0.000360 ,-0.000039
-0.000000 ,-0.000000
-0.000166 ,-0.000039
-0.000001 ,-0.000000
-0.000048 ,-0.000016
-0.000001 ,0.106895 ,NaN
-0.747850 ,-0.209983
-0.064546 ,-0.020455
-0.055113 ,-0.140049
-0.077145 ,-0.044502
-0.471415 ,0.772129
-0.231034 ,0.391111
0.265122 ,-0.231961
-0.636038 ,-0.009678
-0.585630 ,-0.009095
-0.000215 ,-0.006006
-0.002341 ,-0.000001
-0.000001 ,-0.007125
-0.001689 ,-0.001894
-0.000190 ,-0.000001
-0.000058 ,-0.000001
-0.000023 ,-0.000171
-0.000000 ,-0.000079
-0.007489 ,-0.189763
-0.063195 ,-0.004240
-0.000106 ,-0.041899
-0.039438 ,-0.005430
-0.013264 ,-0.001217
0.006252 ,-0.001058
0.026594 ,-0.039708
-0.002014 ,-0.740900
-0.000018 ,-0.000000
-0.000533 ,-0.000019
-0.000001 ,-0.000027
-0.000002 ,-0.000001
-0.000000 ,-0.000000
-0.000001 ,-0.000028
-0.000360 ,-0.000039
-0.000000 ,-0.000000
-0.000166 ,-0.000039
-0.000001 ,-0.000000
-0.000048 ,-0.000016
-0.000001 ,2.895725 ,NaN
-0.747850 ,-0.209983
-0.064546 ,-0.020455
-0.055113 ,-0.140049
-0.077145 ,-0.044502
-0.471415 ,0.772129
-0.231034 ,0.391111
0.265122 ,-0.231961
-0.636038 ,-0.009678
-0.585630 ,-0.009095
-0.000215 ,-0.006006
-0.002341 ,-0.000001
-0.000001 ,-0.007125
-0.001689 ,-0.001894
-0.000190 ,-0.000001
-0.000058 ,-0.000001
-0.000023 ,-0.000171
-0.000000 ,-0.000079
-0.007489 ,-0.189763
-0.063195 ,-0.004240
-0.000106 ,-0.041899
-0.039438 ,-0.005430
-0.013264 ,-0.001217
0.006252 ,-0.001058
0.026594 ,-0.039708
-0.002014 ,-0.740900
-0.000018 ,-0.000000
-0.000533 ,-0.000019
-0.000001 ,-0.000027
-0.000002 ,-0.000001
-0.000000 ,-0.000000
-0.000001 ,-0.000028
-0.000360 ,-0.000039
-0.000000 ,-0.000000
-0.000166 ,-0.000039
-0.000001 ,-0.000000
-0.000048 ,-0.000016
-0.000001 ,-1.463251 ,NaN
-0.747850 ,-0.209983
-0.064546 ,-0.020455
-0.055113 ,-0.140049
-0.077145 ,-0.044502
-0.471415 ,0.772129
-0.231034 ,0.391111
0.265122 ,-0.231961
-0.636038 ,-0.009678
-0.585630 ,-0.009095
-0.000215 ,-0.006006
-0.002341 ,-0.000001
-0.000001 ,-0.007125
-0.001689 ,-0.001894
-0.000190 ,-0.000001
-0.000058 ,-0.000001
-0.000023 ,-0.000171
-0.000000 ,-0.000079
-0.007489 ,-0.189763
-0.063195 ,-0.004240
-0.000106 ,-0.041899
-0.039438 ,-0.005430
-0.013264 ,-0.001217
0.006252 ,-0.001058
0.026594 ,-0.039708
-0.002014 ,-0.740900
-0.000018 ,-0.000000
-0.000533 ,-0.000019
-0.000001 ,-0.000027
-0.000002 ,-0.000001
-0.000000 ,-0.000000
-0.000001 ,-0.000028
-0.000360 ,-0.000039
-0.000000 ,-0.000000
-0.000166 ,-0.000039
-0.000001 ,-0.000000
-0.000048 ,-0.000016
-0.000001 ,-1.751644 ,NaN
-0.747850 ,-0.209983
-0.064546 ,-0.020455
-0.055113 ,-0.140049
-0.077145 ,-0.044502
-0.471415 ,0.772129
-0.231034 ,0.391111
0.265122 ,-0.231961
-0.636038 ,-0.009678
-0.585630 ,-0.009095
-0.000215 ,-0.006006
-0.002341 ,-0.000001
-0.000001 ,-0.007125
-0.001689 ,-0.001894
-0.000190 ,-0.000001
-0.000058 ,-0.000001
-0.000023 ,-0.000171
-0.000000 ,-0.000079
-0.007489 ,-0.189763
-0.063195 ,-0.004240
-0.000106 ,-0.041899
-0.039438 ,-0.005430
-0.013264 ,-0.001217
0.006252 ,-0.001058
0.026594 ,-0.039708
-0.002014 ,-0.740900
-0.000018 ,-0.000000
-0.000533 ,-0.000019
-0.000001 ,-0.000027
-0.000002 ,-0.000001
-0.000000 ,-0.000000
-0.000001 ,-0.000028
-0.000360 ,-0.000039
-0.000000 ,-0.000000
-0.000166 ,-0.000039
-0.000001 ,-0.000000
-0.000048 ,-0.000016
-0.000001 ,